Mean[y] = 1.2933333333333332
Var[y] =0.3761805555555555