b = 15.717038906316345 +/- 5.6782514313486185
c = -16.13503397175859 +/- 7.340637719922816
